#
# This file is create by LigBuilder/Cavity.
# It stores the parameters for the pocket atoms.
# Creation time: Mon Mar  2 13:46:42 2026
#
# 1st column: ID of the atom
# 2nd column: ID of the atom in the original PDB file
# 3rd column: atom type
# 4th column: X coordinate
# 5th column: Y coordinate
# 6th column: Z coordinate
# 7th column: vdw radius
# 8th column: atomic hydrophobic scale
# 9th column: H-bond character
# 10th column: H-bond root X coordinate
# 11th column: H-bond root Y coordinate
# 12th column: H-bond root Z coordinate
#
<Start>
<Atom_number> 205
  1  1018  C.ar  -25.63   10.70   31.50  1.85   0.34  -0.1704   N    0.00    0.00    0.00    0.00    0.00    0.00 0 0 0 0 0   -1   -1   -1
  2  2249   C.3  -21.07    7.31   29.81  1.94   0.36  -0.0094   N    0.00    0.00    0.00    0.00    0.00    0.00 0 0 0 0 0   -1   -1   -1
  3  2250   C.3  -20.96    6.38   28.61  1.94   0.36   0.0187   N    0.00    0.00    0.00    0.00    0.00    0.00 0 0 0 0 0   -1   -1   -1
  4  2251   C.3  -22.25    6.28   27.80  1.94   0.36  -0.0479   N    0.00    0.00    0.00    0.00    0.00    0.00 0 0 0 0 0   -1   -1   -1
  5  2252   C.3  -22.26    5.09   26.84  1.94  -0.14  -0.0143   N    0.00    0.00    0.00    0.00    0.00    0.00 0 0 0 0 0   -1   -1   -1
  6  2253   N.4  -22.14    3.79   27.53  1.86  -2.00  -0.3854   P  -22.07    2.91   28.00   -0.67    0.30    0.67 0 3 0 0 3   -1   -1   -1
  7  2306   C.3  -17.80    5.54   30.21  1.94   0.36   0.0560   N    0.00    0.00    0.00    0.00    0.00    0.00 0 0 0 0 0   -1   -1   -1
  8  2307   C.3  -17.72    5.02   28.77  1.94  -0.01   0.0136   N    0.00    0.00    0.00    0.00    0.00    0.00 0 0 0 0 0   -1   -1   -1
  9  2308   C.2  -18.26    3.60   28.58  1.90  -0.03   0.8054   N    0.00    0.00    0.00    0.00    0.00    0.00 0 0 0 0 0   -1   -1   -1
 10  2309 O.co2  -19.41    3.47   28.08  1.66  -0.88  -0.8188   P  -20.33    3.38   27.69    0.39    0.04   -0.92 2 0 0 0 2   -1   -1   -1
 11  2310 O.co2  -17.50    2.65   28.87  1.66  -0.88  -0.8188   P  -16.88    1.90   29.10   -0.39   -0.04    0.92 2 0 1 0 2   -1   -1   -1
 12  2331   C.3  -18.22    4.72   25.03  1.94  -0.14   0.2117   N    0.00    0.00    0.00    0.00    0.00    0.00 0 0 0 0 0   -1   -1   -1
 13  2332   O.3  -18.38    3.44   24.46  1.74  -0.47  -0.6546   P  -18.49    2.54   24.05   -0.69   -0.22    0.69 2 1 2 1 3   -1   -1   -1
 14  2966   C.3  -27.87    1.57   20.10  1.94  -0.01  -0.0462   N    0.00    0.00    0.00    0.00    0.00    0.00 0 0 0 0 0   -1   -1   -1
 15  2967  C.ar  -28.67    1.93   21.33  1.90  -0.03  -0.0266   N    0.00    0.00    0.00    0.00    0.00    0.00 0 0 0 0 0   -1   -1   -1
 16  2968  C.ar  -29.89    2.54   21.33  1.90  -0.31   0.1292   N    0.00    0.00    0.00    0.00    0.00    0.00 0 0 0 0 0   -1   -1   -1
 17  2969  N.ar  -28.27    1.75   22.65  1.87   0.14  -0.3811   P  -27.42    1.32   22.97    0.00    0.00    0.00 1 1 0 0 1   18   -1   16
 18  2970  C.ar  -29.25    2.25   23.42  1.90  -0.31   0.2057   N    0.00    0.00    0.00    0.00    0.00    0.00 0 0 0 0 0   -1   -1   -1
 19  2971  N.ar  -30.24    2.74   22.65  1.87   0.14  -0.5727   P  -31.08    3.17   22.98    0.00    0.00    0.00 1 1 0 0 1   16   -1   18
 20  2982   C.2  -27.46    5.89   22.74  1.90  -0.03   0.5973   N    0.00    0.00    0.00    0.00    0.00    0.00 0 0 0 0 0   -1   -1   -1
 21  2983   O.2  -28.05    6.63   23.52  1.66  -0.40  -0.5679   P  -28.53    7.23   24.16   -0.80   -0.60   -0.04 2 0 1 0 2   -1   -1   -1
 22  2987  N.am  -26.72    4.86   23.16  1.83  -0.10  -0.5163   P  -26.19    4.38   22.46    0.00    0.00    0.00 0 1 0 0 1   -1   -1   -1
 23  2988   C.3  -26.60    4.38   24.54  1.94  -0.31   0.0381   N    0.00    0.00    0.00    0.00    0.00    0.00 0 0 0 0 0   -1   -1   -1
 24  2989   C.2  -26.21    5.44   25.58  1.90  -0.03   0.5366   N    0.00    0.00    0.00    0.00    0.00    0.00 0 0 0 0 0   -1   -1   -1
 25  2990   O.2  -26.73    5.44   26.69  1.66  -0.40  -0.5819   P  -27.16    5.44   27.59    0.75   -0.55    0.36 2 0 1 0 2   -1   -1   -1
 26  2991   C.3  -25.62    3.19   24.58  1.94   0.01  -0.0303   N    0.00    0.00    0.00    0.00    0.00    0.00 0 0 0 0 0   -1   -1   -1
 27  2992   C.2  -24.14    3.56   24.43  1.90  -0.03   0.7994   N    0.00    0.00    0.00    0.00    0.00    0.00 0 0 0 0 0   -1   -1   -1
 28  2993 O.co2  -23.82    4.46   23.61  1.66  -0.88  -0.8014   P  -23.57    5.17   22.96   -0.11    0.69    0.71 2 0 1 0 2   -1   -1   -1
 29  2994 O.co2  -23.31    2.96   25.15  1.66  -0.88  -0.8014   P  -22.64    2.48   25.71    0.11   -0.69   -0.71 2 0 2 0 2   -1   -1   -1
 30  2999  N.am  -25.34    6.39   25.22  1.83  -0.10  -0.4157   P  -24.94    6.36   24.30    0.00    0.00    0.00 0 1 0 0 1   -1   -1   -1
 31  3000   C.3  -24.94    7.48   26.12  1.94  -0.30  -0.0252   N    0.00    0.00    0.00    0.00    0.00    0.00 0 0 0 0 0   -1   -1   -1
 32  3001   C.2  -26.04    8.51   26.37  1.90  -0.03   0.5973   N    0.00    0.00    0.00    0.00    0.00    0.00 0 0 0 0 0   -1   -1   -1
 33  3002   O.2  -26.01    9.20   27.39  1.66  -0.40  -0.5679   P  -25.99    9.76   28.22    0.51    0.71   -0.49 2 0 2 0 2   -1   -1   -1
 34  3006  N.am  -27.03    8.61   25.48  1.83  -0.10  -0.4157   P  -26.93    8.11   24.62    0.00    0.00    0.00 0 1 0 1 1   -1   -1   -1
 35  3008   C.2  -29.31    8.55   26.41  1.90  -0.03   0.5973   N    0.00    0.00    0.00    0.00    0.00    0.00 0 0 0 0 0   -1   -1   -1
 36  3009   O.2  -30.02    9.06   27.27  1.66  -0.40  -0.5679   P  -30.60    9.47   27.97   -0.69    0.20   -0.69 2 0 2 0 2   -1   -1   -1
 37  3022  N.am  -29.36    7.26   26.10  1.83  -0.10  -0.5163   P  -28.76    6.92   25.38    0.00    0.00    0.00 0 1 0 0 1   -1   -1   -1
 38  3023   C.3  -30.26    6.30   26.74  1.94  -0.31   0.0397   N    0.00    0.00    0.00    0.00    0.00    0.00 0 0 0 0 0   -1   -1   -1
 39  3024   C.2  -30.00    6.18   28.26  1.90  -0.03   0.5366   N    0.00    0.00    0.00    0.00    0.00    0.00 0 0 0 0 0   -1   -1   -1
 40  3025   O.2  -30.95    6.20   29.04  1.66  -0.40  -0.5819   P  -31.72    6.21   29.68   -0.03   -1.00   -0.01 2 0 2 0 2   -1   -1   -1
 41  3026   C.3  -30.12    4.93   26.04  1.94   0.36   0.0560   N    0.00    0.00    0.00    0.00    0.00    0.00 0 0 0 0 0   -1   -1   -1
 42  3027   C.3  -31.38    4.08   26.16  1.94  -0.01   0.0136   N    0.00    0.00    0.00    0.00    0.00    0.00 0 0 0 0 0   -1   -1   -1
 43  3028   C.2  -32.43    4.47   25.12  1.90  -0.03   0.8054   N    0.00    0.00    0.00    0.00    0.00    0.00 0 0 0 0 0   -1   -1   -1
 44  3029 O.co2  -33.26    5.36   25.42  1.66  -0.88  -0.8188   P  -33.92    6.08   25.65    0.61    0.69   -0.39 2 0 1 0 2   -1   -1   -1
 45  3030 O.co2  -32.42    3.86   24.03  1.66  -0.88  -0.8188   P  -32.42    3.37   23.16   -0.61   -0.69    0.39 2 0 0 0 2   -1   -1   -1
 46  3037  N.am  -28.73    6.14   28.69  1.83  -0.10  -0.5163   P  -28.00    6.14   28.01    0.00    0.00    0.00 0 1 0 0 1   -1   -1   -1
 47  3038   C.3  -28.33    6.11   30.11  1.94  -0.31   0.0397   N    0.00    0.00    0.00    0.00    0.00    0.00 0 0 0 0 0   -1   -1   -1
 48  3039   C.2  -28.96    7.24   30.94  1.90  -0.03   0.5366   N    0.00    0.00    0.00    0.00    0.00    0.00 0 0 0 0 0   -1   -1   -1
 49  3040   O.2  -29.50    7.00   32.02  1.66  -0.40  -0.5819   P  -29.95    6.81   32.89    0.86    0.17    0.47 2 0 2 0 2   -1   -1   -1
 50  3041   C.3  -26.80    6.22   30.25  1.94   0.36   0.0560   N    0.00    0.00    0.00    0.00    0.00    0.00 0 0 0 0 0   -1   -1   -1
 51  3042   C.3  -26.08    4.87   30.15  1.94  -0.01   0.0136   N    0.00    0.00    0.00    0.00    0.00    0.00 0 0 0 0 0   -1   -1   -1
 52  3043   C.2  -24.55    5.02   30.25  1.90  -0.03   0.8054   N    0.00    0.00    0.00    0.00    0.00    0.00 0 0 0 0 0   -1   -1   -1
 53  3044 O.co2  -24.07    6.01   30.86  1.66  -0.88  -0.8188   P  -23.69    6.79   31.35    0.03   -0.54    0.84 2 0 2 0 2   -1   -1   -1
 54  3045 O.co2  -23.84    4.15   29.68  1.66  -0.88  -0.8188   P  -23.28    3.46   29.22   -0.03    0.54   -0.84 2 0 1 0 2   -1   -1   -1
 55  3052  N.am  -28.92    8.47   30.42  1.83  -0.10  -0.4157   P  -28.52    8.59   29.52    0.00    0.00    0.00 0 1 0 1 1   -1   -1   -1
 56  3053   C.3  -29.43    9.66   31.11  1.94  -0.31   0.0337   N    0.00    0.00    0.00    0.00    0.00    0.00 0 0 0 0 0   -1   -1   -1
 57  3054   C.2  -30.96    9.64   31.29  1.90  -0.03   0.5973   N    0.00    0.00    0.00    0.00    0.00    0.00 0 0 0 0 0   -1   -1   -1
 58  3062  N.am  -31.67    8.88   30.45  1.83  -0.10  -0.4157   P  -31.17    8.22   29.89    0.00    0.00    0.00 0 1 0 1 1   -1   -1   -1
 59  3064   C.2  -33.81    7.58   30.41  1.90  -0.03   0.5973   N    0.00    0.00    0.00    0.00    0.00    0.00 0 0 0 0 0   -1   -1   -1
 60  3082  N.am  -33.11    6.57   30.92  1.83  -0.10  -0.4157   P  -32.14    6.72   31.13    0.00    0.00    0.00 0 1 0 1 1   -1   -1   -1
 61  3083   C.3  -33.65    5.23   31.21  1.94  -0.31  -0.0275   N    0.00    0.00    0.00    0.00    0.00    0.00 0 0 0 0 0   -1   -1   -1
 62  3084   C.2  -34.81    5.28   32.22  1.90  -0.03   0.5973   N    0.00    0.00    0.00    0.00    0.00    0.00 0 0 0 0 0   -1   -1   -1
 63  3085   O.2  -35.81    4.57   32.07  1.66  -0.40  -0.5679   P  -36.62    4.00   31.95    0.40   -0.69    0.60 2 0 1 0 2   -1   -1   -1
 64  3086   C.3  -32.52    4.34   31.73  1.94  -0.01  -0.0050   N    0.00    0.00    0.00    0.00    0.00    0.00 0 0 0 0 0   -1   -1   -1
 65  3087  C.ar  -32.82    2.88   31.75  1.90   0.01  -0.1415   N    0.00    0.00    0.00    0.00    0.00    0.00 0 0 0 0 0   -1   -1   -1
 66  3088  C.ar  -33.04    2.11   32.84  1.90  -0.31  -0.1638   N    0.00    0.00    0.00    0.00    0.00    0.00 0 0 0 0 0   -1   -1   -1
 67  3089  C.ar  -32.95    1.99   30.60  1.85   0.30   0.1243   N    0.00    0.00    0.00    0.00    0.00    0.00 0 0 0 0 0   -1   -1   -1
 68  3090  C.ar  -33.23    0.67   31.07  1.85  -0.15   0.1380   N    0.00    0.00    0.00    0.00    0.00    0.00 0 0 0 0 0   -1   -1   -1
 69  3091  C.ar  -32.88    2.17   29.21  1.85   0.34  -0.2387   N    0.00    0.00    0.00    0.00    0.00    0.00 0 0 0 0 0   -1   -1   -1
 70  3092  N.ar  -33.27    0.81   32.44  1.87   0.55  -0.3418   P  -33.46    0.06   33.08    0.00    0.00    0.00 0 1 0 1 1   -1   -1   -1
 71  3093  C.ar  -33.39   -0.41   30.20  1.85   0.34  -0.2601   N    0.00    0.00    0.00    0.00    0.00    0.00 0 0 0 0 0   -1   -1   -1
 72  3094  C.ar  -33.04    1.10   28.32  1.85   0.34  -0.1972   N    0.00    0.00    0.00    0.00    0.00    0.00 0 0 0 0 0   -1   -1   -1
 73  3095  C.ar  -33.28   -0.20   28.81  1.85   0.34  -0.1134   N    0.00    0.00    0.00    0.00    0.00    0.00 0 0 0 0 0   -1   -1   -1
 74  3106  N.am  -34.72    6.18   33.20  1.83  -0.10  -0.4157   P  -33.88    6.71   33.26    0.00    0.00    0.00 0 1 0 1 1   -1   -1   -1
 75  3111  C.ar  -34.54    5.23   36.11  1.85   0.30  -0.0011   N    0.00    0.00    0.00    0.00    0.00    0.00 0 0 0 0 0   -1   -1   -1
 76  3113  C.ar  -33.18    4.92   35.90  1.85   0.34  -0.1906   N    0.00    0.00    0.00    0.00    0.00    0.00 0 0 0 0 0   -1   -1   -1
 77  3115  C.ar  -32.65    3.72   36.40  1.85   0.34  -0.2341   N    0.00    0.00    0.00    0.00    0.00    0.00 0 0 0 0 0   -1   -1   -1
 78  3116  C.ar  -33.47    2.82   37.11  1.85  -0.15   0.3226   N    0.00    0.00    0.00    0.00    0.00    0.00 0 0 0 0 0   -1   -1   -1
 79  3117   O.3  -32.97    1.65   37.58  1.74   0.08  -0.5579   P  -32.61    0.79   37.93   -0.71   -0.02    0.71 2 1 2 1 3   -1   -1   -1
 80  3277  C.ar  -31.31    1.21   18.35  1.90  -0.31   0.2057   N    0.00    0.00    0.00    0.00    0.00    0.00 0 0 0 0 0   -1   -1   -1
 81  3305   C.3  -27.57   -3.68   17.31  1.94  -0.31   0.0337   N    0.00    0.00    0.00    0.00    0.00    0.00 0 0 0 0 0   -1   -1   -1
 82  3306   C.2  -27.79   -5.18   17.54  1.90  -0.03   0.5973   N    0.00    0.00    0.00    0.00    0.00    0.00 0 0 0 0 0   -1   -1   -1
 83  3307   O.2  -28.92   -5.69   17.47  1.66  -0.40  -0.5679   P  -29.83   -6.09   17.41    0.14   -0.18   -0.97 2 0 1 0 2   -1   -1   -1
 84  3308   C.3  -28.33   -2.84   18.34  1.94   0.53  -0.1825   N    0.00    0.00    0.00    0.00    0.00    0.00 0 0 0 0 0   -1   -1   -1
 85  3314  N.am  -26.70   -5.89   17.83  1.83  -0.10  -0.4157   P  -25.85   -5.38   17.95    0.00    0.00    0.00 0 1 0 1 1   -1   -1   -1
 86  3315   C.3  -26.64   -7.34   17.97  1.94  -0.31  -0.0249   N    0.00    0.00    0.00    0.00    0.00    0.00 0 0 0 0 0   -1   -1   -1
 87  3316   C.2  -25.42   -7.73   18.82  1.90  -0.03   0.5973   N    0.00    0.00    0.00    0.00    0.00    0.00 0 0 0 0 0   -1   -1   -1
 88  3317   O.2  -24.54   -6.88   19.03  1.66  -0.40  -0.5679   P  -23.83   -6.19   19.20   -0.45    0.26    0.85 2 0 1 0 2   -1   -1   -1
 89  3318   C.3  -26.54   -7.99   16.58  1.94  -0.14   0.2117   N    0.00    0.00    0.00    0.00    0.00    0.00 0 0 0 0 0   -1   -1   -1
 90  3319   O.3  -25.28   -7.70   15.98  1.74  -0.47  -0.6546   P  -24.40   -7.49   15.57    0.15   -0.98   -0.15 2 1 1 0 3   -1   -1   -1
 91  3325  N.am  -25.29   -8.99   19.27  1.83   0.08  -0.2548   N    0.00    0.00    0.00    0.00    0.00    0.00 0 0 0 0 0   -1   -1   -1
 92  3326   C.3  -24.10   -9.48   19.99  1.94  -0.31  -0.0266   N    0.00    0.00    0.00    0.00    0.00    0.00 0 0 0 0 0   -1   -1   -1
 93  3327   C.2  -22.76   -9.40   19.22  1.90  -0.03   0.5896   N    0.00    0.00    0.00    0.00    0.00    0.00 0 0 0 0 0   -1   -1   -1
 94  3328   O.2  -21.73   -9.71   19.79  1.66  -0.40  -0.5748   P  -20.88   -9.97   20.26   -0.13   -0.95   -0.30 2 0 2 0 2   -1   -1   -1
 95  3329   C.3  -24.42  -10.92   20.38  1.94   0.36  -0.0070   N    0.00    0.00    0.00    0.00    0.00    0.00 0 0 0 0 0   -1   -1   -1
 96  3330   C.3  -25.95  -10.94   20.45  1.94   0.36   0.0189   N    0.00    0.00    0.00    0.00    0.00    0.00 0 0 0 0 0   -1   -1   -1
 97  3331   C.3  -26.33  -10.01   19.30  1.94  -0.14   0.0192   N    0.00    0.00    0.00    0.00    0.00    0.00 0 0 0 0 0   -1   -1   -1
 98  3339  N.am  -22.77   -8.99   17.94  1.83  -0.10  -0.4157   P  -23.66   -8.83   17.51    0.00    0.00    0.00 0 1 0 0 1   -1   -1   -1
 99  3340   C.3  -21.57   -8.78   17.12  1.94  -0.30  -0.0252   N    0.00    0.00    0.00    0.00    0.00    0.00 0 0 0 0 0   -1   -1   -1
100  3341   C.2  -21.27   -7.31   16.79  1.90  -0.03   0.5973   N    0.00    0.00    0.00    0.00    0.00    0.00 0 0 0 0 0   -1   -1   -1
101  3346  N.am  -21.89   -6.34   17.48  1.83  -0.10  -0.4157   P  -22.42   -6.59   18.29    0.00    0.00    0.00 0 1 0 0 1   -1   -1   -1
102  3347   C.3  -21.81   -4.92   17.10  1.94  -0.31  -0.0024   N    0.00    0.00    0.00    0.00    0.00    0.00 0 0 0 0 0   -1   -1   -1
103  3348   C.2  -21.81   -3.95   18.30  1.90  -0.03   0.5973   N    0.00    0.00    0.00    0.00    0.00    0.00 0 0 0 0 0   -1   -1   -1
104  3349   O.2  -22.00   -4.36   19.44  1.66  -0.40  -0.5679   P  -22.16   -4.69   20.37    0.98   -0.14    0.12 2 0 2 0 2   -1   -1   -1
105  3350   C.3  -22.94   -4.64   16.10  1.94  -0.01  -0.0343   N    0.00    0.00    0.00    0.00    0.00    0.00 0 0 0 0 0   -1   -1   -1
106  3367   C.3  -21.34   -1.62   19.05  1.94  -0.31  -0.0024   N    0.00    0.00    0.00    0.00    0.00    0.00 0 0 0 0 0   -1   -1   -1
107  3368   C.2  -22.39   -0.49   19.01  1.90  -0.03   0.5973   N    0.00    0.00    0.00    0.00    0.00    0.00 0 0 0 0 0   -1   -1   -1
108  3371  C.ar  -19.61    0.16   19.68  1.85   0.30   0.0118   N    0.00    0.00    0.00    0.00    0.00    0.00 0 0 0 0 0   -1   -1   -1
109  3372  C.ar  -19.21    0.04   21.03  1.85   0.34  -0.1256   N    0.00    0.00    0.00    0.00    0.00    0.00 0 0 0 0 0   -1   -1   -1
110  3374  C.ar  -19.00    1.20   21.80  1.85   0.34  -0.1704   N    0.00    0.00    0.00    0.00    0.00    0.00 0 0 0 0 0   -1   -1   -1
111  3376  C.ar  -19.17    2.47   21.23  1.85   0.34  -0.1072   N    0.00    0.00    0.00    0.00    0.00    0.00 0 0 0 0 0   -1   -1   -1
112  3386  N.am  -22.90   -0.02   20.16  1.83   0.08  -0.2548   N    0.00    0.00    0.00    0.00    0.00    0.00 0 0 0 0 0   -1   -1   -1
113  3387   C.3  -22.68   -0.53   21.52  1.94  -0.31  -0.0266   N    0.00    0.00    0.00    0.00    0.00    0.00 0 0 0 0 0   -1   -1   -1
114  3388   C.2  -23.46   -1.83   21.83  1.90  -0.03   0.5896   N    0.00    0.00    0.00    0.00    0.00    0.00 0 0 0 0 0   -1   -1   -1
115  3389   O.2  -23.41   -2.31   22.96  1.66  -0.40  -0.5748   P  -23.38   -2.70   23.88   -0.78    0.56    0.27 2 0 2 0 2   -1   -1   -1
116  3390   C.3  -23.09    0.63   22.44  1.94   0.36  -0.0070   N    0.00    0.00    0.00    0.00    0.00    0.00 0 0 0 0 0   -1   -1   -1
117  3391   C.3  -24.22    1.29   21.66  1.94   0.36   0.0189   N    0.00    0.00    0.00    0.00    0.00    0.00 0 0 0 0 0   -1   -1   -1
118  3392   C.3  -23.76    1.15   20.21  1.94  -0.14   0.0192   N    0.00    0.00    0.00    0.00    0.00    0.00 0 0 0 0 0   -1   -1   -1
119  3400  N.am  -24.19   -2.39   20.86  1.83  -0.10  -0.4157   P  -24.23   -1.92   19.98    0.00    0.00    0.00 0 1 0 1 1   -1   -1   -1
120  3401   C.3  -24.94   -3.64   21.01  1.94  -0.30  -0.0252   N    0.00    0.00    0.00    0.00    0.00    0.00 0 0 0 0 0   -1   -1   -1
121  3402   C.2  -26.25   -3.52   21.79  1.90  -0.03   0.5973   N    0.00    0.00    0.00    0.00    0.00    0.00 0 0 0 0 0   -1   -1   -1
122  3403   O.2  -27.15   -4.33   21.59  1.66  -0.40  -0.5679   P  -27.89   -4.99   21.43    0.34   -0.56    0.76 2 0 2 0 2   -1   -1   -1
123  3407  N.am  -26.41   -2.49   22.62  1.83  -0.10  -0.4157   P  -25.60   -1.92   22.80    0.00    0.00    0.00 0 1 0 1 1   -1   -1   -1
124  3408   C.3  -27.66   -2.11   23.30  1.94  -0.31  -0.0389   N    0.00    0.00    0.00    0.00    0.00    0.00 0 0 0 0 0   -1   -1   -1
125  3409   C.2  -28.73   -1.58   22.33  1.90  -0.03   0.5973   N    0.00    0.00    0.00    0.00    0.00    0.00 0 0 0 0 0   -1   -1   -1
126  3410   O.2  -28.46   -1.35   21.15  1.66  -0.40  -0.5679   P  -28.25   -1.16   20.19   -0.23   -0.94   -0.24 2 0 2 0 2   -1   -1   -1
127  3411   C.3  -27.36   -1.08   24.40  1.94  -0.20   0.3654   N    0.00    0.00    0.00    0.00    0.00    0.00 0 0 0 0 0   -1   -1   -1
128  3412   C.3  -26.62   -1.71   25.58  1.94   0.53  -0.2438   N    0.00    0.00    0.00    0.00    0.00    0.00 0 0 0 0 0   -1   -1   -1
129  3413   O.3  -26.54   -0.05   23.92  1.74  -0.47  -0.6761   P  -25.95    0.68   23.57    0.53   -0.67   -0.53 2 1 2 0 3   -1   -1   -1
130  3421  N.am  -29.96   -1.40   22.82  1.83  -0.10  -0.4157   P  -30.12   -1.58   23.79    0.00    0.00    0.00 0 1 0 1 1   -1   -1   -1
131  3422   C.3  -31.09   -0.97   21.99  1.94  -0.30  -0.0252   N    0.00    0.00    0.00    0.00    0.00    0.00 0 0 0 0 0   -1   -1   -1
132  3423   C.2  -31.66   -2.08   21.10  1.90  -0.03   0.5973   N    0.00    0.00    0.00    0.00    0.00    0.00 0 0 0 0 0   -1   -1   -1
133  3424   O.2  -32.11   -1.82   19.99  1.66  -0.40  -0.5679   P  -32.47   -1.61   19.08    0.91   -0.12   -0.40 2 0 1 0 2   -1   -1   -1
134  3428  N.am  -31.61   -3.33   21.57  1.83  -0.10  -0.4157   P  -31.29   -3.45   22.51    0.00    0.00    0.00 0 1 0 1 1   -1   -1   -1
135  3429   C.3  -32.00   -4.54   20.83  1.94  -0.31  -0.0389   N    0.00    0.00    0.00    0.00    0.00    0.00 0 0 0 0 0   -1   -1   -1
136  3430   C.2  -32.67   -5.56   21.74  1.90  -0.03   0.5973   N    0.00    0.00    0.00    0.00    0.00    0.00 0 0 0 0 0   -1   -1   -1
137  3431   O.2  -32.92   -5.29   22.92  1.66  -0.40  -0.5679   P  -33.12   -5.07   23.87   -0.89    0.36   -0.27 2 0 2 0 2   -1   -1   -1
138  3432   C.3  -30.77   -5.10   20.08  1.94  -0.20   0.3654   N    0.00    0.00    0.00    0.00    0.00    0.00 0 0 0 0 0   -1   -1   -1
139  3433   C.3  -29.78   -5.87   20.95  1.94   0.53  -0.2438   N    0.00    0.00    0.00    0.00    0.00    0.00 0 0 0 0 0   -1   -1   -1
140  3434   O.3  -31.17   -5.96   19.04  1.74  -0.47  -0.6761   P  -31.46   -6.57   18.30   -0.63   -0.47    0.63 2 1 1 0 3   -1   -1   -1
141  3442  N.am  -32.97   -6.74   21.20  1.83  -0.10  -0.4157   P  -32.86   -6.84   20.22    0.00    0.00    0.00 0 1 0 0 1   -1   -1   -1
142  3443   C.3  -33.47   -7.90   21.95  1.94  -0.31  -0.0275   N    0.00    0.00    0.00    0.00    0.00    0.00 0 0 0 0 0   -1   -1   -1
143  3444   C.2  -32.54   -8.27   23.12  1.90  -0.03   0.5973   N    0.00    0.00    0.00    0.00    0.00    0.00 0 0 0 0 0   -1   -1   -1
144  3445   O.2  -31.32   -8.34   22.96  1.66  -0.40  -0.5679   P  -30.33   -8.39   22.83    0.09    0.95    0.29 2 0 2 0 2   -1   -1   -1
145  3446   C.3  -33.56   -9.09   20.98  1.94  -0.01  -0.0050   N    0.00    0.00    0.00    0.00    0.00    0.00 0 0 0 0 0   -1   -1   -1
146  3466  N.am  -33.11   -8.57   24.29  1.83  -0.10  -0.4157   P  -34.09   -8.39   24.41    0.00    0.00    0.00 0 1 0 0 1   -1   -1   -1
147  3467   C.3  -32.36   -9.14   25.41  1.94  -0.31   0.0143   N    0.00    0.00    0.00    0.00    0.00    0.00 0 0 0 0 0   -1   -1   -1
148  3468   C.2  -31.89  -10.56   25.07  1.90  -0.03   0.5973   N    0.00    0.00    0.00    0.00    0.00    0.00 0 0 0 0 0   -1   -1   -1
149  3469   O.2  -32.62  -11.34   24.45  1.66  -0.40  -0.5679   P  -33.22  -11.96   23.95    0.40    0.31   -0.86 2 0 2 0 2   -1   -1   -1
150  3470   C.3  -33.23   -9.08   26.68  1.94  -0.01  -0.2041   N    0.00    0.00    0.00    0.00    0.00    0.00 0 0 0 0 0   -1   -1   -1
151  3471   C.2  -32.45   -9.39   27.94  1.90  -0.03   0.7130   N    0.00    0.00    0.00    0.00    0.00    0.00 0 0 0 0 0   -1   -1   -1
152  3472  N.am  -33.13   -9.58   29.05  1.83  -0.65  -0.9196   P  -33.64   -9.72   29.89   -0.05   -0.98   -0.20 0 2 0 2 2   -1   -1   -1
153  3473   O.2  -31.23   -9.46   27.96  1.66  -0.40  -0.5931   P  -30.24   -9.52   27.98    0.05    0.98    0.20 2 0 1 0 2   -1   -1   -1
154  3480  N.am  -30.68  -10.93   25.50  1.83  -0.10  -0.4157   P  -30.24  -10.33   26.17    0.00    0.00    0.00 0 1 0 0 1   -1   -1   -1
155  3481   C.3  -29.94  -12.12   25.08  1.94  -0.31  -0.0237   N    0.00    0.00    0.00    0.00    0.00    0.00 0 0 0 0 0   -1   -1   -1
156  3482   C.2  -29.44  -12.89   26.31  1.90  -0.03   0.5973   N    0.00    0.00    0.00    0.00    0.00    0.00 0 0 0 0 0   -1   -1   -1
157  3483   O.2  -28.27  -12.83   26.67  1.66  -0.40  -0.5679   P  -27.32  -12.78   26.97   -0.22    0.80    0.56 2 0 2 0 2   -1   -1   -1
158  3484   C.3  -28.80  -11.73   24.12  1.94   0.36   0.0342   N    0.00    0.00    0.00    0.00    0.00    0.00 0 0 0 0 0   -1   -1   -1
159  3485   C.3  -29.25  -11.19   22.75  1.94   0.36   0.0018   N    0.00    0.00    0.00    0.00    0.00    0.00 0 0 0 0 0   -1   -1   -1
160  3486   S.3  -29.68  -12.43   21.50  2.09   0.25  -0.2737   N    0.00    0.00    0.00    0.00    0.00    0.00 0 0 0 0 0   -1   -1   -1
161  3487   C.3  -31.47  -12.59   21.76  1.94   0.53  -0.0536   N    0.00    0.00    0.00    0.00    0.00    0.00 0 0 0 0 0   -1   -1   -1
162  3497  N.am  -30.36  -13.60   26.96  1.83  -0.10  -0.4157   P  -31.28  -13.63   26.57    0.00    0.00    0.00 0 1 0 1 1   -1   -1   -1
163  3498   C.3  -30.14  -14.35   28.21  1.94  -0.31  -0.0875   N    0.00    0.00    0.00    0.00    0.00    0.00 0 0 0 0 0   -1   -1   -1
164  3501   C.3  -30.48  -13.52   29.46  1.94   0.13   0.2985   N    0.00    0.00    0.00    0.00    0.00    0.00 0 0 0 0 0   -1   -1   -1
165  3502   C.3  -29.53  -12.32   29.64  1.94   0.53  -0.3192   N    0.00    0.00    0.00    0.00    0.00    0.00 0 0 0 0 0   -1   -1   -1
166  3503   C.3  -31.92  -12.99   29.49  1.94   0.53  -0.3192   N    0.00    0.00    0.00    0.00    0.00    0.00 0 0 0 0 0   -1   -1   -1
167  3608   C.2  -36.92   -7.82   24.65  1.90  -0.03   0.5973   N    0.00    0.00    0.00    0.00    0.00    0.00 0 0 0 0 0   -1   -1   -1
168  3609   O.2  -35.76   -7.93   25.01  1.66  -0.40  -0.5679   P  -34.80   -8.02   25.31    0.30   -0.02   -0.95 2 0 1 0 2   -1   -1   -1
169  3625  N.am  -37.49   -6.63   24.44  1.83  -0.10  -0.4157   P  -38.45   -6.59   24.19    0.00    0.00    0.00 0 1 0 1 1   -1   -1   -1
170  3626   C.3  -36.74   -5.37   24.58  1.94  -0.31  -0.0024   N    0.00    0.00    0.00    0.00    0.00    0.00 0 0 0 0 0   -1   -1   -1
171  3627   C.2  -36.74   -4.85   26.02  1.90  -0.03   0.5973   N    0.00    0.00    0.00    0.00    0.00    0.00 0 0 0 0 0   -1   -1   -1
172  3628   O.2  -37.79   -4.60   26.61  1.66  -0.40  -0.5679   P  -38.64   -4.40   27.09    0.02   -0.91    0.42 2 0 1 0 2   -1   -1   -1
173  3629   C.3  -37.29   -4.32   23.61  1.94  -0.01  -0.0343   N    0.00    0.00    0.00    0.00    0.00    0.00 0 0 0 0 0   -1   -1   -1
174  3630  C.ar  -36.75   -4.45   22.21  1.85   0.30   0.0118   N    0.00    0.00    0.00    0.00    0.00    0.00 0 0 0 0 0   -1   -1   -1
175  3632  C.ar  -35.86   -3.48   21.71  1.85   0.34  -0.1256   N    0.00    0.00    0.00    0.00    0.00    0.00 0 0 0 0 0   -1   -1   -1
176  3634  C.ar  -35.35   -3.60   20.41  1.85   0.34  -0.1704   N    0.00    0.00    0.00    0.00    0.00    0.00 0 0 0 0 0   -1   -1   -1
177  3635  C.ar  -35.72   -4.69   19.60  1.85   0.34  -0.1072   N    0.00    0.00    0.00    0.00    0.00    0.00 0 0 0 0 0   -1   -1   -1
178  3645  N.am  -35.54   -4.59   26.54  1.83  -0.10  -0.4157   P  -34.73   -5.04   26.15    0.00    0.00    0.00 0 1 0 1 1   -1   -1   -1
179  3646   C.3  -35.37   -3.67   27.66  1.94  -0.31  -0.0518   N    0.00    0.00    0.00    0.00    0.00    0.00 0 0 0 0 0   -1   -1   -1
180  3647   C.2  -35.67   -2.25   27.16  1.90  -0.03   0.5973   N    0.00    0.00    0.00    0.00    0.00    0.00 0 0 0 0 0   -1   -1   -1
181  3648   O.2  -35.28   -1.89   26.05  1.66  -0.40  -0.5679   P  -34.97   -1.61   25.14   -0.84   -0.37   -0.41 2 0 2 0 2   -1   -1   -1
182  3649   C.3  -33.95   -3.82   28.25  1.94   0.36  -0.1102   N    0.00    0.00    0.00    0.00    0.00    0.00 0 0 0 0 0   -1   -1   -1
183  3650   C.3  -33.54   -5.25   28.64  1.94   0.13   0.3531   N    0.00    0.00    0.00    0.00    0.00    0.00 0 0 0 0 0   -1   -1   -1
184  3651   C.3  -32.14   -5.23   29.26  1.94   0.53  -0.4121   N    0.00    0.00    0.00    0.00    0.00    0.00 0 0 0 0 0   -1   -1   -1
185  3652   C.3  -34.50   -5.90   29.64  1.94   0.53  -0.4121   N    0.00    0.00    0.00    0.00    0.00    0.00 0 0 0 0 0   -1   -1   -1
186  3664  N.am  -36.40   -1.45   27.94  1.83  -0.10  -0.4157   P  -36.40   -1.61   28.93    0.00    0.00    0.00 0 1 0 1 1   -1   -1   -1
187  3665   C.3  -37.22   -0.35   27.40  1.94  -0.31   0.0143   N    0.00    0.00    0.00    0.00    0.00    0.00 0 0 0 0 0   -1   -1   -1
188  3666   C.2  -37.31    0.88   28.33  1.90  -0.03   0.5973   N    0.00    0.00    0.00    0.00    0.00    0.00 0 0 0 0 0   -1   -1   -1
189  3668   C.3  -38.60   -0.92   27.01  1.94  -0.01  -0.2041   N    0.00    0.00    0.00    0.00    0.00    0.00 0 0 0 0 0   -1   -1   -1
190  3678  N.am  -36.36    1.03   29.25  1.83  -0.10  -0.4157   P  -35.54    0.47   29.16    0.00    0.00    0.00 0 1 0 1 1   -1   -1   -1
191  3679   C.3  -36.42    1.96   30.39  1.94  -0.30  -0.0252   N    0.00    0.00    0.00    0.00    0.00    0.00 0 0 0 0 0   -1   -1   -1
192  3680   C.2  -36.78    1.26   31.70  1.90  -0.03   0.5973   N    0.00    0.00    0.00    0.00    0.00    0.00 0 0 0 0 0   -1   -1   -1
193  3681   O.2  -36.98    0.04   31.74  1.66  -0.40  -0.5679   P  -37.14   -0.95   31.77    0.97   -0.15    0.21 2 0 2 0 2   -1   -1   -1
194  3685  N.am  -36.89    2.03   32.78  1.83  -0.10  -0.4157   P  -36.73    3.01   32.67    0.00    0.00    0.00 0 1 0 0 1   -1   -1   -1
195  3686   C.3  -37.24    1.56   34.12  1.94  -0.31   0.0337   N    0.00    0.00    0.00    0.00    0.00    0.00 0 0 0 0 0   -1   -1   -1
196  3689   C.3  -35.94    1.15   34.84  1.94   0.53  -0.1825   N    0.00    0.00    0.00    0.00    0.00    0.00 0 0 0 0 0   -1   -1   -1
197  3789   C.3  -36.71    4.02   25.35  1.94  -0.31   0.0337   N    0.00    0.00    0.00    0.00    0.00    0.00 0 0 0 0 0   -1   -1   -1
198  3790   C.2  -37.04    3.18   24.10  1.90  -0.03   0.5973   N    0.00    0.00    0.00    0.00    0.00    0.00 0 0 0 0 0   -1   -1   -1
199  3791   O.2  -36.98    1.95   24.12  1.66  -0.40  -0.5679   P  -36.93    0.95   24.13   -0.93   -0.04    0.36 2 0 2 0 2   -1   -1   -1
200  3792   C.3  -35.63    3.39   26.25  1.94   0.53  -0.1825   N    0.00    0.00    0.00    0.00    0.00    0.00 0 0 0 0 0   -1   -1   -1
201  3819   C.3  -35.45    0.97   20.03  1.94  -0.31   0.0143   N    0.00    0.00    0.00    0.00    0.00    0.00 0 0 0 0 0   -1   -1   -1
202  3822   C.3  -34.72    0.32   21.22  1.94  -0.01  -0.2041   N    0.00    0.00    0.00    0.00    0.00    0.00 0 0 0 0 0   -1   -1   -1
203  3823   C.2  -33.79    1.34   21.86  1.90  -0.03   0.7130   N    0.00    0.00    0.00    0.00    0.00    0.00 0 0 0 0 0   -1   -1   -1
204  3824  N.am  -34.14    1.90   22.99  1.83  -0.65  -0.9196   P  -34.41    2.33   23.85    0.48   -0.72    0.51 0 2 0 1 2   -1   -1   -1
205  3825   O.2  -32.76    1.63   21.30  1.66  -0.40  -0.5931   P  -31.90    1.88   20.84   -0.48    0.72   -0.51 2 0 2 0 2   -1   -1   -1
<End>
